	Length	Length	Length	Length	Length	Length	Length	Length	Length	Length	Length	Length	Length	Length	Length	Length	Length	Length	Length	Length	Length	Length	Length	Length	Length	Length	Length	Length			
PC_12	7750.83	7797.15	7830.49	8660.3	8736.51	8087.82	7225.3	7485.11	7211.11	7293.97	8622.72	7255.4	7293.78	7295.28	7361.77	7191.89	8082.18	8857.87	7549.19	7305.92	7226.71	7820.97	7838.1	7375.21	8541.3	8165.78	7237.6	7260.72			
PC_11	7612.77	7434.14	7960.2	9261.31	7993.4	7648.35	7485.2	7304.87	7465.49	7375.88	8352.02	7237.48	7200.28	7293.43	7347.85	7198.12	8944.05	7820.03	7409.39	7273.66	7276.37	7879.33	7948.34	7480.83	9096.73	8243.11	7604.22	7248.84			
PC_15	9374.43	9370.46	9372.05	9370.13	9375.45	9373.4	9377.91	9369.11	9372.06	9377.07	9369.59	9368.63	9374.48	9376.38	9368.47	9372.7	9377.19	9370.72	9374.09	9370.25	9376.99	9376.69	9371.54	9377.3	9369.17	9375.28	9375.96	9376.2			
PG_11	9377.53	9373.73	9368.58	9375.8	9371.86	9372.72	9373.91	9376.5	9373.57	9368.4	9370.02	9372.08	9371.95	9368.23	9370.44	9374.25	9376.1	9368.99	9372.33	9376.87	9369.55	9369.78	9373.21	9377.73	9369.46	9368.8	9368.4	9371.08			
PD_4	9372.91	9376.32	9372.43	9377.47	9368.04	9376.2	9372.8	9377.64	9375.87	9376.63	9373.75	9372.09	9372.74	9377.51	9373.6	9368.34	9377.01	9374.67	9369.94	9377.97	9371.55	9369.16	9377.91	9375.42	9371.55	9375.83	9377.94	9373.73			
PD_5	9373.21	9368.4	9374.84	9373.99	9373.23	9369.48	9368.35	9371.43	9368.7	9373.93	9373.97	9372.19	9376.34	9370.37	9376.08	9377.86	9370.94	9377.17	9373.08	9376.76	9371.2	9370.33	9372.23	9373.4	9370.48	9370.21	9372.86	9375.76			
PH_5	9372.49	9374.87	9372.31	9371.98	9368.53	9368.96	9374.83	9374.14	9376.64	9371.23	9376.87	9369.8	9370.22	9374.77	9373.84	9377.58	9370.56	9377.52	9375.87	9371.21	9373.46	9368.8	9369.78	9377.75	9377.07	9368.04	9372.04	9370.83			
NMI	9235.41	7194.55	7220.97	8390.24	8020.33	9296.3	7630.01	7510.85	8881.02	7348.51	8404.77	7217.14	7298.37	7615.75	7252.52	8560.75	9137.81	8370.52	9046.78	8858.15	7502.75	7229.73	7204.82	9013.74	8739.7	8984.57	8889.69	7505.32			
PD_2	9368.54	9376.76	9372.8	9374.71	9369.58	9369	9375.99	9371.03	9368.63	9374.82	9369.38	9368.4	9370.86	9376.82	9375.23	9372.17	9370.47	9368.87	9376.53	9370.69	9370.76	9371.69	9368.86	9377.61	9371.33	9372.8	9374.33	9368.42			
PI_2	9370.12	9369.22	9373.5	9372.52	9377.85	9372.52	9375.51	9372.93	9372.94	9368.03	9376.98	9373.87	9372.31	9370.99	9373.06	9377.99	9371.81	9373.2	9370.2	9369.42	9369.09	9370.62	9373.33	9372.89	9377.95	9372.58	9372.21	9368.66			
PD_0	9377.86	9376.41	9375.17	9372.25	9369.73	9376.91	9369.38	9377.44	9374.85	9376.87	9377.06	9373.99	9375.83	9377.95	9375.8	9371.78	9377.8	9375.58	9371.7	9373.1	9376.84	9373.26	9368.33	9371.94	9374.84	9375.74	9371.85	9371.12			
PD_3	9368.79	9375.99	9374.04	9370.05	9369.86	9369.04	9371.76	9374.85	9370.58	9369.31	9368.62	9376.45	9370.8	9375.85	9377.3	9368.38	9370.67	9376.86	9368.21	9369.83	9370.65	9369.31	9369.76	9372.79	9372.18	9369.79	9374.43	9368.74			
PD_6	9371.24	9377.76	9373.7	9377.29	9369.34	9376.55	9376.87	9370.42	9372.02	9372.17	9371.65	9372.03	9369.32	9377.72	9377.4	9377.62	9369.67	9368.06	9374	9368.57	9368.64	9372.47	9368.92	9370.97	9372.22	9375.63	9376.11	9374.95			
PG_10	9372	9371.43	9372.78	9368.62	9370	9370.64	9369.65	9372.24	9370.11	9377.56	9375.45	9368.6	9375.36	9374.66	9374.02	9373.46	9369.88	9373.63	9376.48	9370.98	9374.25	9372.31	9376.26	9377.08	9373.89	9376.03	9377.96	9374.48			
PH_13	9368.25	9375.85	9368.01	9376.43	9374	9370.04	9371.27	9373.43	9376.68	9371.35	9374.18	9372.12	9375.72	9370.78	9368.68	9375.14	9370.98	9372.9	9377.93	9368.39	9371.01	9371.75	9377.15	9369.05	9373.48	9370.02	9375.47	9372.65			
PH_4	9369.39	9369.44	9372.85	9371.47	9376.2	9373.8	9375.06	9370.25	9376	9376.65	9371.29	9376.2	9370.12	9377.27	9375.26	9372.51	9377.65	9370.92	9369.29	9371.4	9371.54	9370.18	9374.59	9377.45	9371.94	9376.48	9374.27	9371.89			
PL_1	9375.51	9379.01	9378.13	9375.89	9383.93	9383.7	9384.49	9377.78	9379.75	9377.44	9379.07	9381.79	9375.53	9381.36	9381.3	9377.42	9381.35	9380.28	9380.82	9378.13	9378.08	9375.68	9377.55	9378.74	9378.06	9380.6	9380.44	9384.43			
PL_3	9377.93	9381.05	9378.78	9378.1	9376.11	9379.31	9375.39	9376.47	9383.6	9382.78	9382.67	9379.85	9383	9377.43	9378.46	9382.44	9375.65	9377.46	9380.01	9384.01	9378.64	9384.58	9378.29	9379.33	9382.54	9379.16	9375.99	9380.26			
PL_4	9381.07	9378.61	9380.42	9380.17	9382.5	9376	9380.17	9381.38	9381.1	9380.41	9376.18	9379.37	9381.68	9384.23	9377.41	9383.29	9377.05	9380.89	9381.57	9375.69	9376.83	9380.51	9384.58	9376.74	9381.24	9383.68	9384.5	9376.12			
PL_7	9378.75	9378.77	9376.65	9381.2	9384.36	9375.73	9378.71	9382.7	9381.14	9380.31	9376.21	9378.36	9383.29	9377.32	9383.04	9384.21	9384.18	9383.08	9379.89	9377.92	9379.42	9381.24	9377.24	9379.7	9375.27	9381.03	9378.99	9378.53			
PL_2	9377.05	9375.75	9381.31	9381.14	9375.95	9382.07	9383.17	9380.7	9380.8	9376.01	9384.59	9382.93	9384.42	9383.67	9380.7	9377.46	9383.21	9383.99	9384.23	9383.13	9382.74	9376.31	9376.64	9384.92	9383.19	9384.25	9377.84	9378.75			
PB_5	7708.48	7378.4	7602.9	8410.32	8442.35	7402.88	7610.16	7241.35	7327.61	7725.73	8679.82	7548.79	7471.46	7530.56	7714.08	7504.11	8599.05	8730.73	7303.35	7617.73	7530.79	7705.04	8478.49	7445.73	8763.33	8425.83	7282.36	7522.1			
PB_4	8783.19	7886.12	8184.89	9031.43	7810.17	8066.82	7346	7201.8	7841.39	7277.24	8772.02	7293.02	7717.96	8035.63	7364.07	7828.74	8220.46	8194.85	7818.21	8020.38	7266.57	7539.42	8530.59	8046.37	8315.31	8043.19	7667.62	7718.96			
AR_CLKP_0	7732.08	7301.8	7634.37	9546.61	8153.21	7616.06	7447.07	7207.55	8282.91	7853.19	7886.08	7237.89	7361.98	7970.71	7896.32	7254.25	7364.24	8811.68	7350.18	7713.4	8486.3	7223.14	8286.16	7686.16	8930.13	7438.4	7191.59	7534			
AR_CLKN_0	7732.21	7301.98	7635.22	9546.76	8153.31	7616.97	7447.49	7206.86	8282.73	7853.91	7886.82	7236.97	7362.9	7971.59	7895.52	7254.28	7364.17	8811.14	7350.23	7713.17	8486.69	7223	8286.84	7685.81	8930.61	7439.25	7191.8	7533.56			
JCOMP	7338.41	7214.76	7800.43	8043.73	7419.23	7619.4	7197.79	7235.45	7491.6	8023.74	8123.59	7255.5	7546.77	7220.45	7633.54	7286.46	7346.28	9087.42	7445.92	7597.99	7979.99	7350.73	7841.01	7229.63	9614.71	7952.92	7235.57	7220.49			
PL_0	9380.65	9378.76	9377.68	9375.04	9375.43	9384.43	9379.19	9380.35	9382.09	9382.25	9381.69	9380.13	9376.08	9378.88	9382.84	9384.49	9384.59	9380.45	9384.13	9383.64	9383.75	9375.18	9381.51	9380.56	9384.49	9378.49	9376.14	9375.76			
TESTMODE	7403.12	7745.84	7193.55	7924.5	7339.4	7547.12	7335.99	7325.03	7459.84	7494.68	8924.19	7348.03	7391.04	7875.71	7194.38	7575.8	7620.21	8194.27	7190.02	7589.23	8331	7661.41	9163.6	7305.89	7935.59	8219.91	7640.66	8277.16			
XOSC_EXTAL	7331.04	7908.89	7644.64	7661.96	7744.8	7605.01	7428.93	7580.01	7534.29	7882.31	8977.12	7250.96	7756.6	7819.25	8218.62	7531.42	8775.59	8746.64	7203.08	7945.69	8019.57	7236.93	7706.43	7776.51	7727.58	8477.87	7487.61	7582.98			
XOSC_XTAL	7365.91	7570.47	7287.05	9367.38	7821.66	7628.91	7543.28	8041.64	7343.39	7220.88	8373.02	7784.22	7815.79	8326.86	8178.4	8033.24	7335.98	8206.84	7687.1	7902	8627.01	7448.38	7581.4	8030.2	8716.99	8259.51	7808.56	7616.24			
RESET_B	7525.98	7190.27	7641.32	8532.19	7207.84	7419.11	7254.95	7461.04	8547.19	8478.42	7801.32	7278.25	7202.02	7456.32	7198.72	7198.73	8717.23	8517.88	7366.96	7588	8127.11	7537.02	8242.39	7978.84	9269.85	7256.11	7286.55	7198.58			
POR_B	7529.94	7886.24	7472.81	8012.36	7612.95	7819.44	7306.98	7396.92	7311.3	7323.23	8567.33	7242.44	7469.93	8109.11	7235.15	7276.47	7995.27	8272.99	7385.09	7315.99	8380.88	7240.69	9082.47	7375.21	8011.61	7888.79	7601.21	8375.57			
POST_AN	7639.57	7737.59	7974.8	9823.37	7976.39	7537.6	7511.37	7222.42	7582.59	8107.22	7984.43	7245.85	7352.72	7649.84	7816.4	7208.08	8011.88	8532.25	7509.39	7589.02	8164.88	7228.54	7755.39	8191.17	9279.12	7397.44	7871.88	7465.16			
TCK	7244.8	7520.82	7245.3	9879.22	7497.88	7349.28	7342.34	7598.57	7353.15	8413.07	8030.91	7648.61	7872.11	7483.14	8078.34	7778.35	8428.75	8781.53	7727.36	7316.88	7983.8	7195.96	8744.9	7201.62	9187.96	7739.13	7191.98	8131.44			
TMS	7358.74	7561.66	7838.68	10189.04	7239.31	7386.95	7275.67	7389.19	7531.99	7854.89	8310.19	7196.45	7229.81	7208.11	7201.67	7229.76	7733.06	7913.27	7265.68	7539.36	8029.38	7424.78	7640.9	7436.87	7928.53	7207.14	7303.81	7223.56			
	916.6859895	943.9404906	900.4216168	578.9022645	834.9337635	888.8945679	1002.806829	1008.652214	903.4143089	878.8378061	573.3380962	1039.908504	979.6566332	888.3909629	931.7199558	985.3768148	760.1312139	509.0318587	974.097888	894.1397222	777.6050594	992.3938235	722.0838582	900.9572359	511.3705517	795.9310328	975.2303149	935.9760322	1039.908504	509.0318587	
	2136.27	2190.78	2187.76	2527.08	2176.52	2035.15	2186.7	2180.9	2172.49	2161.9	1583.27	2186.48	2184.14	2176.12	2188.66	2192.6	2048.61	1563.96	2194.21	2110.35	2157.04	2188.62	2179.76	2183.3	1887.13	2177.11	2192.91	2185.85	2527.08	1563.96	
	9381.07	9381.05	9381.31	10189.04	9384.36	9384.43	9384.49	9382.7	9383.6	9382.78	9384.59	9382.93	9384.42	9384.23	9383.04	9384.49	9384.59	9383.99	9384.23	9384.01	9383.75	9384.58	9384.58	9384.92	9614.71				2.52708	1.56396	
	7244.8	7190.27	7193.55	7661.96	7207.84	7349.28	7197.79	7201.8	7211.11	7220.88	7801.32	7196.45	7200.28	7208.11	7194.38	7191.89	7335.98	7820.03	7190.02	7273.66	7226.71	7195.96	7204.82	7201.62	7727.58						
																															
																															
																															
	microstrip ~=  150ps/in																														
	stripline ~=  180ps/in																														
	Average = 165ps/1n																														
																															
																															
																															
PC_12	0.00000000127888695	0.00000000128652975	0.00000000129203085	0.0000000014289495	0.00000000144152415	0.0000000013344903	0.0000000011921745	0.00000000123504315	0.00000000118983315	0.00000000120350505	0.0000000014227488	0.000000001197141	0.0000000012034737	0.0000000012037212	0.00000000121469205	0.00000000118666185	0.0000000013335597	0.00000000146154855	0.00000000124561635	0.0000000012054768	0.00000000119240715	0.00000000129046005	0.0000000012932865	0.00000000121690965	0.0000000014093145	0.0000000013473537	0.000000001194204	0.0000000011980188			
PC_11	0.00000000125610705	0.0000000012266331	0.000000001313433	0.00000000152811615	0.000000001318911	0.00000000126197775	0.000000001235058	0.00000000120530355	0.00000000123180585	0.0000000012170202	0.0000000013780833	0.0000000011941842	0.0000000011880462	0.00000000120341595	0.00000000121239525	0.0000000011876898	0.00000000147576825	0.00000000129030495	0.00000000122254935	0.0000000012001539	0.00000000120060105	0.00000000130008945	0.0000000013114761	0.00000000123433695	0.00000000150096045	0.00000000136011315	0.0000000012546963	0.0000000011960586			
PC_15	0.00000000154678095	0.0000000015461259	0.00000000154638825	0.00000000154607145	0.00000000154694925	0.000000001546611	0.00000000154735515	0.00000000154590315	0.0000000015463899	0.00000000154721655	0.00000000154598235	0.00000000154582395	0.0000000015467892	0.0000000015471027	0.00000000154579755	0.0000000015464955	0.00000000154723635	0.0000000015461688	0.00000000154672485	0.00000000154609125	0.00000000154720335	0.00000000154715385	0.0000000015463041	0.0000000015472545	0.00000000154591305	0.0000000015469212	0.0000000015470334	0.000000001547073			
PG_11	0.00000000154729245	0.00000000154666545	0.0000000015458157	0.000000001547007	0.0000000015463569	0.0000000015464988	0.00000000154669515	0.0000000015471225	0.00000000154663905	0.000000001545786	0.0000000015460533	0.0000000015463932	0.00000000154637175	0.00000000154575795	0.0000000015461226	0.00000000154675125	0.0000000015470565	0.00000000154588335	0.00000000154643445	0.00000000154718355	0.00000000154597575	0.0000000015460137	0.00000000154657965	0.00000000154732545	0.0000000015459609	0.000000001545852	0.000000001545786	0.0000000015462282			
PD_4	0.00000000154653015	0.0000000015470928	0.00000000154645095	0.00000000154728255	0.0000000015457266	0.000000001547073	0.000000001546512	0.0000000015473106	0.00000000154701855	0.00000000154714395	0.00000000154666875	0.00000000154639485	0.0000000015465021	0.00000000154728915	0.000000001546644	0.0000000015457761	0.00000000154720665	0.00000000154682055	0.0000000015460401	0.00000000154736505	0.00000000154630575	0.0000000015459114	0.00000000154735515	0.0000000015469443	0.00000000154630575	0.00000000154701195	0.0000000015473601	0.00000000154666545			
PD_5	0.00000000154657965	0.000000001545786	0.0000000015468486	0.00000000154670835	0.00000000154658295	0.0000000015459642	0.00000000154577775	0.00000000154628595	0.0000000015458355	0.00000000154669845	0.00000000154670505	0.00000000154641135	0.0000000015470961	0.00000000154611105	0.0000000015470532	0.0000000015473469	0.0000000015462051	0.00000000154723305	0.0000000015465582	0.0000000015471654	0.000000001546248	0.00000000154610445	0.00000000154641795	0.000000001546611	0.0000000015461292	0.00000000154608465	0.0000000015465219	0.0000000015470004			
PH_5	0.00000000154646085	0.00000000154685355	0.00000000154643115	0.0000000015463767	0.00000000154580745	0.0000000015458784	0.00000000154684695	0.0000000015467331	0.0000000015471456	0.00000000154625295	0.00000000154718355	0.000000001546017	0.0000000015460863	0.00000000154683705	0.0000000015466836	0.0000000015473007	0.0000000015461424	0.0000000015472908	0.00000000154701855	0.00000000154624965	0.0000000015466209	0.000000001545852	0.0000000015460137	0.00000000154732875	0.00000000154721655	0.0000000015457266	0.0000000015463866	0.00000000154618695			
NMI	0.00000000152384265	0.00000000118710075	0.00000000119146005	0.0000000013843896	0.00000000132335445	0.0000000015338895	0.00000000125895165	0.00000000123929025	0.0000000014653683	0.00000000121250415	0.00000000138678705	0.0000000011908281	0.00000000120423105	0.00000000125659875	0.0000000011966658	0.00000000141252375	0.00000000150773865	0.0000000013811358	0.0000000014927187	0.00000000146159475	0.00000000123795375	0.00000000119290545	0.0000000011887953	0.0000000014872671	0.0000000014420505	0.00000000148245405	0.00000000146679885	0.0000000012383778			
PD_2	0.0000000015458091	0.0000000015471654	0.000000001546512	0.00000000154682715	0.0000000015459807	0.000000001545885	0.00000000154703835	0.00000000154621995	0.00000000154582395	0.0000000015468453	0.0000000015459477	0.000000001545786	0.0000000015461919	0.0000000015471753	0.00000000154691295	0.00000000154640805	0.00000000154612755	0.00000000154586355	0.00000000154712745	0.00000000154616385	0.0000000015461754	0.00000000154632885	0.0000000015458619	0.00000000154730565	0.00000000154626945	0.000000001546512	0.00000000154676445	0.0000000015457893			
PI_2	0.0000000015460698	0.0000000015459213	0.0000000015466275	0.0000000015464658	0.00000000154734525	0.0000000015464658	0.00000000154695915	0.00000000154653345	0.0000000015465351	0.00000000154572495	0.0000000015472017	0.00000000154668855	0.00000000154643115	0.00000000154621335	0.0000000015465549	0.00000000154736835	0.00000000154634865	0.000000001546578	0.000000001546083	0.0000000015459543	0.00000000154589985	0.0000000015461523	0.00000000154659945	0.00000000154652685	0.00000000154736175	0.0000000015464757	0.00000000154641465	0.0000000015458289			
PD_0	0.0000000015473469	0.00000000154710765	0.00000000154690305	0.00000000154642125	0.00000000154600545	0.00000000154719015	0.0000000015459477	0.0000000015472776	0.00000000154685025	0.00000000154718355	0.0000000015472149	0.00000000154670835	0.00000000154701195	0.00000000154736175	0.000000001547007	0.0000000015463437	0.000000001547337	0.0000000015469707	0.0000000015463305	0.0000000015465615	0.0000000015471786	0.0000000015465879	0.00000000154577445	0.0000000015463701	0.0000000015468486	0.0000000015469971	0.00000000154635525	0.0000000015462348			
PD_3	0.00000000154585035	0.00000000154703835	0.0000000015467166	0.00000000154605825	0.0000000015460269	0.0000000015458916	0.0000000015463404	0.00000000154685025	0.0000000015461457	0.00000000154593615	0.0000000015458223	0.00000000154711425	0.000000001546182	0.00000000154701525	0.0000000015472545	0.0000000015457827	0.00000000154616055	0.0000000015471819	0.00000000154575465	0.00000000154602195	0.00000000154615725	0.00000000154593615	0.0000000015460104	0.00000000154651035	0.0000000015464097	0.00000000154601535	0.00000000154678095	0.0000000015458421			
PD_6	0.0000000015462546	0.0000000015473304	0.0000000015466605	0.00000000154725285	0.0000000015459411	0.00000000154713075	0.00000000154718355	0.0000000015461193	0.0000000015463833	0.00000000154640805	0.00000000154632225	0.00000000154638495	0.0000000015459378	0.0000000015473238	0.000000001547271	0.0000000015473073	0.00000000154599555	0.0000000015457299	0.00000000154671	0.00000000154581405	0.0000000015458256	0.00000000154645755	0.0000000015458718	0.00000000154621005	0.0000000015464163	0.00000000154697895	0.00000000154705815	0.00000000154686675			
PG_10	0.00000000154638	0.00000000154628595	0.0000000015465087	0.0000000015458223	0.00000000154605	0.0000000015461556	0.00000000154599225	0.0000000015464196	0.00000000154606815	0.0000000015472974	0.00000000154694925	0.000000001545819	0.0000000015469344	0.0000000015468189	0.0000000015467133	0.0000000015466209	0.0000000015460302	0.00000000154664895	0.0000000015471192	0.0000000015462117	0.00000000154675125	0.00000000154643115	0.0000000015470829	0.0000000015472182	0.00000000154669185	0.00000000154704495	0.0000000015473634	0.0000000015467892			
PH_13	0.00000000154576125	0.00000000154701525	0.00000000154572165	0.00000000154711095	0.00000000154671	0.0000000015460566	0.00000000154625955	0.00000000154661595	0.0000000015471522	0.00000000154627275	0.0000000015467397	0.0000000015463998	0.0000000015469938	0.0000000015461787	0.0000000015458322	0.0000000015468981	0.0000000015462117	0.0000000015465285	0.00000000154735845	0.00000000154578435	0.00000000154621665	0.00000000154633875	0.00000000154722975	0.00000000154589325	0.0000000015466242	0.0000000015460533	0.00000000154695255	0.00000000154648725			
PH_4	0.00000000154594935	0.0000000015459576	0.00000000154652025	0.00000000154629255	0.000000001547073	0.000000001546677	0.0000000015468849	0.00000000154609125	0.00000000154704	0.00000000154714725	0.00000000154626285	0.000000001547073	0.0000000015460698	0.00000000154724955	0.0000000015469179	0.00000000154646415	0.00000000154731225	0.0000000015462018	0.00000000154593285	0.000000001546281	0.0000000015463041	0.0000000015460797	0.00000000154680735	0.00000000154727925	0.0000000015463701	0.0000000015471192	0.00000000154675455	0.00000000154636185			
PL_1	0.00000000154695915	0.00000000154753665	0.00000000154739145	0.00000000154702185	0.00000000154834845	0.0000000015483105	0.00000000154844085	0.0000000015473337	0.00000000154765875	0.0000000015472776	0.00000000154754655	0.00000000154799535	0.00000000154696245	0.0000000015479244	0.0000000015479145	0.0000000015472743	0.00000000154792275	0.0000000015477462	0.0000000015478353	0.00000000154739145	0.0000000015473832	0.0000000015469872	0.00000000154729575	0.0000000015474921	0.0000000015473799	0.000000001547799	0.0000000015477726	0.00000000154843095			
PL_3	0.00000000154735845	0.00000000154787325	0.0000000015474987	0.0000000015473865	0.00000000154705815	0.00000000154758615	0.00000000154693935	0.00000000154711755	0.000000001548294	0.0000000015481587	0.00000000154814055	0.00000000154767525	0.000000001548195	0.00000000154727595	0.0000000015474459	0.0000000015481026	0.00000000154698225	0.0000000015472809	0.00000000154770165	0.00000000154836165	0.0000000015474756	0.0000000015484557	0.00000000154741785	0.00000000154758945	0.0000000015481191	0.0000000015475614	0.00000000154703835	0.0000000015477429			
PL_4	0.00000000154787655	0.00000000154747065	0.0000000015477693	0.00000000154772805	0.0000000015481125	0.00000000154704	0.00000000154772805	0.0000000015479277	0.0000000015478815	0.00000000154776765	0.0000000015470697	0.00000000154759605	0.0000000015479772	0.00000000154839795	0.00000000154727265	0.00000000154824285	0.00000000154721325	0.00000000154784685	0.00000000154795905	0.00000000154698885	0.00000000154717695	0.00000000154778415	0.0000000015484557	0.0000000015471621	0.0000000015479046	0.0000000015483072	0.0000000015484425	0.0000000015470598			
PL_7	0.00000000154749375	0.00000000154749705	0.00000000154714725	0.000000001547898	0.0000000015484194	0.00000000154699545	0.00000000154748715	0.0000000015481455	0.0000000015478881	0.00000000154775115	0.00000000154707465	0.0000000015474294	0.00000000154824285	0.0000000015472578	0.0000000015482016	0.00000000154839465	0.0000000015483897	0.0000000015482082	0.00000000154768185	0.0000000015473568	0.0000000015476043	0.0000000015479046	0.0000000015472446	0.0000000015476505	0.00000000154691955	0.00000000154786995	0.00000000154753335	0.00000000154745745			
PL_2	0.00000000154721325	0.00000000154699875	0.00000000154791615	0.0000000015478881	0.00000000154703175	0.00000000154804155	0.00000000154822305	0.0000000015478155	0.000000001547832	0.00000000154704165	0.00000000154845735	0.00000000154818345	0.0000000015484293	0.00000000154830555	0.0000000015478155	0.0000000015472809	0.00000000154822965	0.00000000154835835	0.00000000154839795	0.00000000154821645	0.0000000015481521	0.00000000154709115	0.0000000015471456	0.0000000015485118	0.00000000154822635	0.00000000154840125	0.0000000015473436	0.00000000154749375			
PB_5	0.0000000012718992	0.000000001217436	0.0000000012544785	0.0000000013877028	0.00000000139298775	0.0000000012214752	0.0000000012556764	0.00000000119482275	0.00000000120905565	0.00000000127474545	0.0000000014321703	0.00000000124555035	0.0000000012327909	0.0000000012425424	0.0000000012728232	0.00000000123817815	0.00000000141884325	0.00000000144057045	0.00000000120505275	0.00000000125692545	0.00000000124258035	0.0000000012713316	0.00000000139895085	0.00000000122854545	0.00000000144594945	0.00000000139026195	0.0000000012015894	0.0000000012411465			
PB_4	0.00000000144922635	0.0000000013012098	0.00000000135050685	0.00000000149018595	0.00000000128867805	0.0000000013310253	0.00000000121209	0.000000001188297	0.00000000129382935	0.0000000012007446	0.0000000014473833	0.0000000012033483	0.0000000012734634	0.00000000132587895	0.00000000121507155	0.0000000012917421	0.0000000013563759	0.00000000135215025	0.00000000129000465	0.0000000013233627	0.00000000119898405	0.0000000012440043	0.00000000140754735	0.00000000132765105	0.00000000137202615	0.00000000132712635	0.0000000012651573	0.0000000012736284			
AR_CLKP_0	0.0000000012757932	0.000000001204797	0.00000000125967105	0.00000000157519065	0.00000000134527965	0.0000000012566499	0.00000000122876655	0.00000000118924575	0.00000000136668015	0.00000000129577635	0.0000000013012032	0.00000000119425185	0.0000000012147267	0.00000000131516715	0.0000000013028928	0.00000000119695125	0.0000000012150996	0.0000000014539272	0.0000000012127797	0.000000001272711	0.0000000014002395	0.0000000011918181	0.0000000013672164	0.0000000012682164	0.00000000147347145	0.000000001227336	0.00000000118661235	0.00000000124311			
AR_CLKN_0	0.00000000127581465	0.0000000012048267	0.0000000012598113	0.0000000015752154	0.00000000134529615	0.00000000125680005	0.00000000122883585	0.0000000011891319	0.00000000136665045	0.00000000129589515	0.0000000013013253	0.00000000119410005	0.0000000012148785	0.00000000131531235	0.0000000013027608	0.0000000011969562	0.00000000121508805	0.0000000014538381	0.00000000121278795	0.00000000127267305	0.00000000140030385	0.000000001191795	0.0000000013673286	0.00000000126815865	0.00000000147355065	0.00000000122747625	0.000000001186647	0.0000000012430374			
JCOMP	0.00000000121083765	0.0000000011904354	0.00000000128707095	0.00000000132721545	0.00000000122417295	0.000000001257201	0.00000000118763535	0.00000000119384925	0.000000001236114	0.0000000013239171	0.00000000134039235	0.0000000011971575	0.00000000124521705	0.00000000119137425	0.0000000012595341	0.0000000012022659	0.0000000012121362	0.0000000014994243	0.0000000012285768	0.00000000125366835	0.00000000131669835	0.00000000121287045	0.00000000129376665	0.00000000119288895	0.00000000158642715	0.0000000013122318	0.00000000119386905	0.00000000119138085			
PL_0	0.00000000154780725	0.0000000015474954	0.0000000015473172	0.0000000015468816	0.00000000154694595	0.00000000154843095	0.00000000154756635	0.00000000154775775	0.00000000154804485	0.00000000154807125	0.00000000154797885	0.00000000154772145	0.0000000015470532	0.0000000015475152	0.0000000015481686	0.00000000154844085	0.00000000154845735	0.00000000154777425	0.00000000154838145	0.0000000015483006	0.00000000154831875	0.0000000015469047	0.00000000154794915	0.0000000015477924	0.00000000154844085	0.00000000154745085	0.0000000015470631	0.0000000015470004			
TESTMODE	0.0000000012215148	0.0000000012780636	0.00000000118693575	0.0000000013075425	0.000000001211001	0.0000000012452748	0.00000000121043835	0.00000000120862995	0.0000000012308736	0.0000000012366222	0.00000000147249135	0.00000000121242495	0.0000000012195216	0.00000000129949215	0.0000000011870727	0.000000001250007	0.00000000125733465	0.00000000135205455	0.0000000011863533	0.00000000125222295	0.000000001374615	0.00000000126413265	0.000000001511994	0.00000000120547185	0.00000000130937235	0.00000000135628515	0.0000000012607089	0.0000000013657314			
XOSC_EXTAL	0.0000000012096216	0.00000000130496685	0.0000000012613656	0.0000000012642234	0.000000001277892	0.00000000125482665	0.00000000122577345	0.00000000125070165	0.00000000124315785	0.00000000130058115	0.0000000014812248	0.0000000011964084	0.000000001279839	0.00000000129017625	0.0000000013560723	0.0000000012426843	0.00000000144797235	0.0000000014431956	0.0000000011885082	0.00000000131103885	0.00000000132322905	0.00000000119409345	0.00000000127156095	0.00000000128312415	0.0000000012750507	0.00000000139884855	0.00000000123545565	0.0000000012511917			
XOSC_XTAL	0.00000000121537515	0.00000000124912755	0.00000000120236325	0.0000000015456177	0.0000000012905739	0.00000000125877015	0.0000000012446412	0.0000000013268706	0.00000000121165935	0.0000000011914452	0.0000000013815483	0.0000000012843963	0.00000000128960535	0.0000000013739319	0.000000001349436	0.0000000013254846	0.0000000012104367	0.0000000013541286	0.0000000012683715	0.00000000130383	0.00000000142345665	0.0000000012289827	0.000000001250931	0.000000001324983	0.00000000143830335	0.00000000136281915	0.0000000012884124	0.0000000012566796			
RESET_B	0.0000000012417867	0.00000000118639455	0.0000000012608178	0.00000000140781135	0.0000000011892936	0.00000000122415315	0.00000000119706675	0.0000000012310716	0.00000000141028635	0.0000000013989393	0.0000000012872178	0.00000000120091125	0.0000000011883333	0.0000000012302928	0.0000000011877888	0.00000000118779045	0.00000000143834295	0.0000000014054502	0.0000000012155484	0.00000000125202	0.00000000134097315	0.0000000012436083	0.00000000135999435	0.0000000013165086	0.00000000152952525	0.00000000119725815	0.00000000120228075	0.0000000011877657			
POR_B	0.0000000012424401	0.0000000013012296	0.00000000123301365	0.0000000013220394	0.00000000125613675	0.0000000012902076	0.0000000012056517	0.0000000012204918	0.0000000012063645	0.00000000120833295	0.00000000141360945	0.0000000011950026	0.00000000123253845	0.00000000133800315	0.00000000119379975	0.00000000120061755	0.00000000131921955	0.00000000136504335	0.00000000121853985	0.00000000120713835	0.0000000013828452	0.00000000119471385	0.00000000149860755	0.00000000121690965	0.00000000132191565	0.00000000130165035	0.00000000125419965	0.00000000138196905			
POST_AN	0.00000000126052905	0.00000000127670235	0.000000001315842	0.00000000162085605	0.00000000131610435	0.000000001243704	0.00000000123937605	0.0000000011916993	0.00000000125112735	0.0000000013376913	0.00000000131743095	0.00000000119556525	0.0000000012131988	0.0000000012622236	0.000000001289706	0.0000000011893332	0.0000000013219602	0.00000000140782125	0.00000000123904935	0.0000000012521883	0.0000000013472052	0.0000000011927091	0.00000000127963935	0.00000000135154305	0.0000000015310548	0.0000000012205776	0.0000000012988602	0.0000000012317514			
TCK	0.000000001195392	0.0000000012409353	0.0000000011954745	0.0000000016300713	0.0000000012371502	0.0000000012126312	0.0000000012114861	0.00000000125376405	0.00000000121326975	0.00000000138815655	0.00000000132510015	0.00000000126202065	0.00000000129889815	0.0000000012347181	0.0000000013329261	0.00000000128342775	0.00000000139074375	0.00000000144895245	0.0000000012750144	0.0000000012072852	0.000000001317327	0.0000000011873334	0.0000000014429085	0.0000000011882673	0.0000000015160134	0.00000000127695645	0.0000000011866767	0.0000000013416876			
TMS	0.0000000012141921	0.0000000012476739	0.0000000012933822	0.0000000016811916	0.00000000119448615	0.00000000121884675	0.00000000120048555	0.00000000121921635	0.00000000124277835	0.00000000129605685	0.00000000137118135	0.00000000118741425	0.00000000119291865	0.00000000118933815	0.00000000118827555	0.0000000011929104	0.0000000012759549	0.00000000130568955	0.0000000011988372	0.0000000012439944	0.0000000013248477	0.0000000012250887	0.0000000012607485	0.00000000122708355	0.00000000130820745	0.0000000011891781	0.00000000120512865	0.0000000011918874			
																															
																															
																															
																															
																															
																															
																															
																															
																															
																															
																															
																															
																															
																															
																															
																															
																															
	0.00000000127888695	0.00000000128652975	0.00000000129203085	0.0000000014289495	0.00000000144152415	0.0000000013344903	0.0000000011921745	0.00000000123504315	0.00000000118983315	0.00000000120350505	0.0000000014227488	0.000000001197141	0.0000000012034737	0.0000000012037212	0.00000000121469205	0.00000000118666185	0.0000000013335597	0.00000000146154855	0.00000000124561635	0.0000000012054768	0.00000000119240715	0.00000000129046005	0.0000000012932865	0.00000000121690965	0.0000000014093145	0.0000000013473537	0.000000001194204	0.0000000011980188			
	0.00000000125610705	0.0000000012266331	0.000000001313433	0.00000000152811615	0.000000001318911	0.00000000126197775	0.000000001235058	0.00000000120530355	0.00000000123180585	0.0000000012170202	0.0000000013780833	0.0000000011941842	0.0000000011880462	0.00000000120341595	0.00000000121239525	0.0000000011876898	0.00000000147576825	0.00000000129030495	0.00000000122254935	0.0000000012001539	0.00000000120060105	0.00000000130008945	0.0000000013114761	0.00000000123433695	0.00000000150096045	0.00000000136011315	0.0000000012546963	0.0000000011960586			
	0.00000000154678095	0.0000000015461259	0.00000000154638825	0.00000000154607145	0.00000000154694925	0.000000001546611	0.00000000154735515	0.00000000154590315	0.0000000015463899	0.00000000154721655	0.00000000154598235	0.00000000154582395	0.0000000015467892	0.0000000015471027	0.00000000154579755	0.0000000015464955	0.00000000154723635	0.0000000015461688	0.00000000154672485	0.00000000154609125	0.00000000154720335	0.00000000154715385	0.0000000015463041	0.0000000015472545	0.00000000154591305	0.0000000015469212	0.0000000015470334	0.000000001547073			
	0.00000000154729245	0.00000000154666545	0.0000000015458157	0.000000001547007	0.0000000015463569	0.0000000015464988	0.00000000154669515	0.0000000015471225	0.00000000154663905	0.000000001545786	0.0000000015460533	0.0000000015463932	0.00000000154637175	0.00000000154575795	0.0000000015461226	0.00000000154675125	0.0000000015470565	0.00000000154588335	0.00000000154643445	0.00000000154718355	0.00000000154597575	0.0000000015460137	0.00000000154657965	0.00000000154732545	0.0000000015459609	0.000000001545852	0.000000001545786	0.0000000015462282			
	0.00000000154653015	0.0000000015470928	0.00000000154645095	0.00000000154728255	0.0000000015457266	0.000000001547073	0.000000001546512	0.0000000015473106	0.00000000154701855	0.00000000154714395	0.00000000154666875	0.00000000154639485	0.0000000015465021	0.00000000154728915	0.000000001546644	0.0000000015457761	0.00000000154720665	0.00000000154682055	0.0000000015460401	0.00000000154736505	0.00000000154630575	0.0000000015459114	0.00000000154735515	0.0000000015469443	0.00000000154630575	0.00000000154701195	0.0000000015473601	0.00000000154666545			
	0.00000000154657965	0.000000001545786	0.0000000015468486	0.00000000154670835	0.00000000154658295	0.0000000015459642	0.00000000154577775	0.00000000154628595	0.0000000015458355	0.00000000154669845	0.00000000154670505	0.00000000154641135	0.0000000015470961	0.00000000154611105	0.0000000015470532	0.0000000015473469	0.0000000015462051	0.00000000154723305	0.0000000015465582	0.0000000015471654	0.000000001546248	0.00000000154610445	0.00000000154641795	0.000000001546611	0.0000000015461292	0.00000000154608465	0.0000000015465219	0.0000000015470004			
	0.00000000154646085	0.00000000154685355	0.00000000154643115	0.0000000015463767	0.00000000154580745	0.0000000015458784	0.00000000154684695	0.0000000015467331	0.0000000015471456	0.00000000154625295	0.00000000154718355	0.000000001546017	0.0000000015460863	0.00000000154683705	0.0000000015466836	0.0000000015473007	0.0000000015461424	0.0000000015472908	0.00000000154701855	0.00000000154624965	0.0000000015466209	0.000000001545852	0.0000000015460137	0.00000000154732875	0.00000000154721655	0.0000000015457266	0.0000000015463866	0.00000000154618695			
	0.00000000152384265	0.00000000118710075	0.00000000119146005	0.0000000013843896	0.00000000132335445	0.0000000015338895	0.00000000125895165	0.00000000123929025	0.0000000014653683	0.00000000121250415	0.00000000138678705	0.0000000011908281	0.00000000120423105	0.00000000125659875	0.0000000011966658	0.00000000141252375	0.00000000150773865	0.0000000013811358	0.0000000014927187	0.00000000146159475	0.00000000123795375	0.00000000119290545	0.0000000011887953	0.0000000014872671	0.0000000014420505	0.00000000148245405	0.00000000146679885	0.0000000012383778			
	0.0000000015458091	0.0000000015471654	0.000000001546512	0.00000000154682715	0.0000000015459807	0.000000001545885	0.00000000154703835	0.00000000154621995	0.00000000154582395	0.0000000015468453	0.0000000015459477	0.000000001545786	0.0000000015461919	0.0000000015471753	0.00000000154691295	0.00000000154640805	0.00000000154612755	0.00000000154586355	0.00000000154712745	0.00000000154616385	0.0000000015461754	0.00000000154632885	0.0000000015458619	0.00000000154730565	0.00000000154626945	0.000000001546512	0.00000000154676445	0.0000000015457893			
	0.0000000015460698	0.0000000015459213	0.0000000015466275	0.0000000015464658	0.00000000154734525	0.0000000015464658	0.00000000154695915	0.00000000154653345	0.0000000015465351	0.00000000154572495	0.0000000015472017	0.00000000154668855	0.00000000154643115	0.00000000154621335	0.0000000015465549	0.00000000154736835	0.00000000154634865	0.000000001546578	0.000000001546083	0.0000000015459543	0.00000000154589985	0.0000000015461523	0.00000000154659945	0.00000000154652685	0.00000000154736175	0.0000000015464757	0.00000000154641465	0.0000000015458289			
	0.0000000015473469	0.00000000154710765	0.00000000154690305	0.00000000154642125	0.00000000154600545	0.00000000154719015	0.0000000015459477	0.0000000015472776	0.00000000154685025	0.00000000154718355	0.0000000015472149	0.00000000154670835	0.00000000154701195	0.00000000154736175	0.000000001547007	0.0000000015463437	0.000000001547337	0.0000000015469707	0.0000000015463305	0.0000000015465615	0.0000000015471786	0.0000000015465879	0.00000000154577445	0.0000000015463701	0.0000000015468486	0.0000000015469971	0.00000000154635525	0.0000000015462348			
	0.00000000154585035	0.00000000154703835	0.0000000015467166	0.00000000154605825	0.0000000015460269	0.0000000015458916	0.0000000015463404	0.00000000154685025	0.0000000015461457	0.00000000154593615	0.0000000015458223	0.00000000154711425	0.000000001546182	0.00000000154701525	0.0000000015472545	0.0000000015457827	0.00000000154616055	0.0000000015471819	0.00000000154575465	0.00000000154602195	0.00000000154615725	0.00000000154593615	0.0000000015460104	0.00000000154651035	0.0000000015464097	0.00000000154601535	0.00000000154678095	0.0000000015458421			
	0.0000000015462546	0.0000000015473304	0.0000000015466605	0.00000000154725285	0.0000000015459411	0.00000000154713075	0.00000000154718355	0.0000000015461193	0.0000000015463833	0.00000000154640805	0.00000000154632225	0.00000000154638495	0.0000000015459378	0.0000000015473238	0.000000001547271	0.0000000015473073	0.00000000154599555	0.0000000015457299	0.00000000154671	0.00000000154581405	0.0000000015458256	0.00000000154645755	0.0000000015458718	0.00000000154621005	0.0000000015464163	0.00000000154697895	0.00000000154705815	0.00000000154686675			
	0.00000000154638	0.00000000154628595	0.0000000015465087	0.0000000015458223	0.00000000154605	0.0000000015461556	0.00000000154599225	0.0000000015464196	0.00000000154606815	0.0000000015472974	0.00000000154694925	0.000000001545819	0.0000000015469344	0.0000000015468189	0.0000000015467133	0.0000000015466209	0.0000000015460302	0.00000000154664895	0.0000000015471192	0.0000000015462117	0.00000000154675125	0.00000000154643115	0.0000000015470829	0.0000000015472182	0.00000000154669185	0.00000000154704495	0.0000000015473634	0.0000000015467892			
	0.00000000154576125	0.00000000154701525	0.00000000154572165	0.00000000154711095	0.00000000154671	0.0000000015460566	0.00000000154625955	0.00000000154661595	0.0000000015471522	0.00000000154627275	0.0000000015467397	0.0000000015463998	0.0000000015469938	0.0000000015461787	0.0000000015458322	0.0000000015468981	0.0000000015462117	0.0000000015465285	0.00000000154735845	0.00000000154578435	0.00000000154621665	0.00000000154633875	0.00000000154722975	0.00000000154589325	0.0000000015466242	0.0000000015460533	0.00000000154695255	0.00000000154648725			
	0.00000000154594935	0.0000000015459576	0.00000000154652025	0.00000000154629255	0.000000001547073	0.000000001546677	0.0000000015468849	0.00000000154609125	0.00000000154704	0.00000000154714725	0.00000000154626285	0.000000001547073	0.0000000015460698	0.00000000154724955	0.0000000015469179	0.00000000154646415	0.00000000154731225	0.0000000015462018	0.00000000154593285	0.000000001546281	0.0000000015463041	0.0000000015460797	0.00000000154680735	0.00000000154727925	0.0000000015463701	0.0000000015471192	0.00000000154675455	0.00000000154636185			
	0.00000000154695915	0.00000000154753665	0.00000000154739145	0.00000000154702185	0.00000000154834845	0.0000000015483105	0.00000000154844085	0.0000000015473337	0.00000000154765875	0.0000000015472776	0.00000000154754655	0.00000000154799535	0.00000000154696245	0.0000000015479244	0.0000000015479145	0.0000000015472743	0.00000000154792275	0.0000000015477462	0.0000000015478353	0.00000000154739145	0.0000000015473832	0.0000000015469872	0.00000000154729575	0.0000000015474921	0.0000000015473799	0.000000001547799	0.0000000015477726	0.00000000154843095			
	0.00000000154735845	0.00000000154787325	0.0000000015474987	0.0000000015473865	0.00000000154705815	0.00000000154758615	0.00000000154693935	0.00000000154711755	0.000000001548294	0.0000000015481587	0.00000000154814055	0.00000000154767525	0.000000001548195	0.00000000154727595	0.0000000015474459	0.0000000015481026	0.00000000154698225	0.0000000015472809	0.00000000154770165	0.00000000154836165	0.0000000015474756	0.0000000015484557	0.00000000154741785	0.00000000154758945	0.0000000015481191	0.0000000015475614	0.00000000154703835	0.0000000015477429			
	0.00000000154787655	0.00000000154747065	0.0000000015477693	0.00000000154772805	0.0000000015481125	0.00000000154704	0.00000000154772805	0.0000000015479277	0.0000000015478815	0.00000000154776765	0.0000000015470697	0.00000000154759605	0.0000000015479772	0.00000000154839795	0.00000000154727265	0.00000000154824285	0.00000000154721325	0.00000000154784685	0.00000000154795905	0.00000000154698885	0.00000000154717695	0.00000000154778415	0.0000000015484557	0.0000000015471621	0.0000000015479046	0.0000000015483072	0.0000000015484425	0.0000000015470598			
	0.00000000154749375	0.00000000154749705	0.00000000154714725	0.000000001547898	0.0000000015484194	0.00000000154699545	0.00000000154748715	0.0000000015481455	0.0000000015478881	0.00000000154775115	0.00000000154707465	0.0000000015474294	0.00000000154824285	0.0000000015472578	0.0000000015482016	0.00000000154839465	0.0000000015483897	0.0000000015482082	0.00000000154768185	0.0000000015473568	0.0000000015476043	0.0000000015479046	0.0000000015472446	0.0000000015476505	0.00000000154691955	0.00000000154786995	0.00000000154753335	0.00000000154745745			
	0.00000000154721325	0.00000000154699875	0.00000000154791615	0.0000000015478881	0.00000000154703175	0.00000000154804155	0.00000000154822305	0.0000000015478155	0.000000001547832	0.00000000154704165	0.00000000154845735	0.00000000154818345	0.0000000015484293	0.00000000154830555	0.0000000015478155	0.0000000015472809	0.00000000154822965	0.00000000154835835	0.00000000154839795	0.00000000154821645	0.0000000015481521	0.00000000154709115	0.0000000015471456	0.0000000015485118	0.00000000154822635	0.00000000154840125	0.0000000015473436	0.00000000154749375			
	0.0000000012718992	0.000000001217436	0.0000000012544785	0.0000000013877028	0.00000000139298775	0.0000000012214752	0.0000000012556764	0.00000000119482275	0.00000000120905565	0.00000000127474545	0.0000000014321703	0.00000000124555035	0.0000000012327909	0.0000000012425424	0.0000000012728232	0.00000000123817815	0.00000000141884325	0.00000000144057045	0.00000000120505275	0.00000000125692545	0.00000000124258035	0.0000000012713316	0.00000000139895085	0.00000000122854545	0.00000000144594945	0.00000000139026195	0.0000000012015894	0.0000000012411465			
	0.00000000144922635	0.0000000013012098	0.00000000135050685	0.00000000149018595	0.00000000128867805	0.0000000013310253	0.00000000121209	0.000000001188297	0.00000000129382935	0.0000000012007446	0.0000000014473833	0.0000000012033483	0.0000000012734634	0.00000000132587895	0.00000000121507155	0.0000000012917421	0.0000000013563759	0.00000000135215025	0.00000000129000465	0.0000000013233627	0.00000000119898405	0.0000000012440043	0.00000000140754735	0.00000000132765105	0.00000000137202615	0.00000000132712635	0.0000000012651573	0.0000000012736284			
	0.0000000012757932	0.000000001204797	0.00000000125967105	0.00000000157519065	0.00000000134527965	0.0000000012566499	0.00000000122876655	0.00000000118924575	0.00000000136668015	0.00000000129577635	0.0000000013012032	0.00000000119425185	0.0000000012147267	0.00000000131516715	0.0000000013028928	0.00000000119695125	0.0000000012150996	0.0000000014539272	0.0000000012127797	0.000000001272711	0.0000000014002395	0.0000000011918181	0.0000000013672164	0.0000000012682164	0.00000000147347145	0.000000001227336	0.00000000118661235	0.00000000124311			
	0.00000000127581465	0.0000000012048267	0.0000000012598113	0.0000000015752154	0.00000000134529615	0.00000000125680005	0.00000000122883585	0.0000000011891319	0.00000000136665045	0.00000000129589515	0.0000000013013253	0.00000000119410005	0.0000000012148785	0.00000000131531235	0.0000000013027608	0.0000000011969562	0.00000000121508805	0.0000000014538381	0.00000000121278795	0.00000000127267305	0.00000000140030385	0.000000001191795	0.0000000013673286	0.00000000126815865	0.00000000147355065	0.00000000122747625	0.000000001186647	0.0000000012430374			
	0.00000000121083765	0.0000000011904354	0.00000000128707095	0.00000000132721545	0.00000000122417295	0.000000001257201	0.00000000118763535	0.00000000119384925	0.000000001236114	0.0000000013239171	0.00000000134039235	0.0000000011971575	0.00000000124521705	0.00000000119137425	0.0000000012595341	0.0000000012022659	0.0000000012121362	0.0000000014994243	0.0000000012285768	0.00000000125366835	0.00000000131669835	0.00000000121287045	0.00000000129376665	0.00000000119288895	0.00000000158642715	0.0000000013122318	0.00000000119386905	0.00000000119138085			
	0.00000000154780725	0.0000000015474954	0.0000000015473172	0.0000000015468816	0.00000000154694595	0.00000000154843095	0.00000000154756635	0.00000000154775775	0.00000000154804485	0.00000000154807125	0.00000000154797885	0.00000000154772145	0.0000000015470532	0.0000000015475152	0.0000000015481686	0.00000000154844085	0.00000000154845735	0.00000000154777425	0.00000000154838145	0.0000000015483006	0.00000000154831875	0.0000000015469047	0.00000000154794915	0.0000000015477924	0.00000000154844085	0.00000000154745085	0.0000000015470631	0.0000000015470004			
	0.0000000012215148	0.0000000012780636	0.00000000118693575	0.0000000013075425	0.000000001211001	0.0000000012452748	0.00000000121043835	0.00000000120862995	0.0000000012308736	0.0000000012366222	0.00000000147249135	0.00000000121242495	0.0000000012195216	0.00000000129949215	0.0000000011870727	0.000000001250007	0.00000000125733465	0.00000000135205455	0.0000000011863533	0.00000000125222295	0.000000001374615	0.00000000126413265	0.000000001511994	0.00000000120547185	0.00000000130937235	0.00000000135628515	0.0000000012607089	0.0000000013657314			
	0.0000000012096216	0.00000000130496685	0.0000000012613656	0.0000000012642234	0.000000001277892	0.00000000125482665	0.00000000122577345	0.00000000125070165	0.00000000124315785	0.00000000130058115	0.0000000014812248	0.0000000011964084	0.000000001279839	0.00000000129017625	0.0000000013560723	0.0000000012426843	0.00000000144797235	0.0000000014431956	0.0000000011885082	0.00000000131103885	0.00000000132322905	0.00000000119409345	0.00000000127156095	0.00000000128312415	0.0000000012750507	0.00000000139884855	0.00000000123545565	0.0000000012511917			
	0.00000000121537515	0.00000000124912755	0.00000000120236325	0.0000000015456177	0.0000000012905739	0.00000000125877015	0.0000000012446412	0.0000000013268706	0.00000000121165935	0.0000000011914452	0.0000000013815483	0.0000000012843963	0.00000000128960535	0.0000000013739319	0.000000001349436	0.0000000013254846	0.0000000012104367	0.0000000013541286	0.0000000012683715	0.00000000130383	0.00000000142345665	0.0000000012289827	0.000000001250931	0.000000001324983	0.00000000143830335	0.00000000136281915	0.0000000012884124	0.0000000012566796			
	0.0000000012417867	0.00000000118639455	0.0000000012608178	0.00000000140781135	0.0000000011892936	0.00000000122415315	0.00000000119706675	0.0000000012310716	0.00000000141028635	0.0000000013989393	0.0000000012872178	0.00000000120091125	0.0000000011883333	0.0000000012302928	0.0000000011877888	0.00000000118779045	0.00000000143834295	0.0000000014054502	0.0000000012155484	0.00000000125202	0.00000000134097315	0.0000000012436083	0.00000000135999435	0.0000000013165086	0.00000000152952525	0.00000000119725815	0.00000000120228075	0.0000000011877657			
	0.0000000012424401	0.0000000013012296	0.00000000123301365	0.0000000013220394	0.00000000125613675	0.0000000012902076	0.0000000012056517	0.0000000012204918	0.0000000012063645	0.00000000120833295	0.00000000141360945	0.0000000011950026	0.00000000123253845	0.00000000133800315	0.00000000119379975	0.00000000120061755	0.00000000131921955	0.00000000136504335	0.00000000121853985	0.00000000120713835	0.0000000013828452	0.00000000119471385	0.00000000149860755	0.00000000121690965	0.00000000132191565	0.00000000130165035	0.00000000125419965	0.00000000138196905			
	0.00000000126052905	0.00000000127670235	0.000000001315842	0.00000000162085605	0.00000000131610435	0.000000001243704	0.00000000123937605	0.0000000011916993	0.00000000125112735	0.0000000013376913	0.00000000131743095	0.00000000119556525	0.0000000012131988	0.0000000012622236	0.000000001289706	0.0000000011893332	0.0000000013219602	0.00000000140782125	0.00000000123904935	0.0000000012521883	0.0000000013472052	0.0000000011927091	0.00000000127963935	0.00000000135154305	0.0000000015310548	0.0000000012205776	0.0000000012988602	0.0000000012317514			
	0.000000001195392	0.0000000012409353	0.0000000011954745	0.0000000016300713	0.0000000012371502	0.0000000012126312	0.0000000012114861	0.00000000125376405	0.00000000121326975	0.00000000138815655	0.00000000132510015	0.00000000126202065	0.00000000129889815	0.0000000012347181	0.0000000013329261	0.00000000128342775	0.00000000139074375	0.00000000144895245	0.0000000012750144	0.0000000012072852	0.000000001317327	0.0000000011873334	0.0000000014429085	0.0000000011882673	0.0000000015160134	0.00000000127695645	0.0000000011866767	0.0000000013416876			
	0.0000000012141921	0.0000000012476739	0.0000000012933822	0.0000000016811916	0.00000000119448615	0.00000000121884675	0.00000000120048555	0.00000000121921635	0.00000000124277835	0.00000000129605685	0.00000000137118135	0.00000000118741425	0.00000000119291865	0.00000000118933815	0.00000000118827555	0.0000000011929104	0.0000000012759549	0.00000000130568955	0.0000000011988372	0.0000000012439944	0.0000000013248477	0.0000000012250887	0.0000000012607485	0.00000000122708355	0.00000000130820745	0.0000000011891781	0.00000000120512865	0.0000000011918874			
